34
56
65
66
72
78
79
84
87
89
90
96
101
103
104
105
106
107
108
109
110
115
116
117
118
119
120
121
122
124
128
146
148
155
157
158
160
164
168
169
789
790
793
795
796
798
802
804
806
809
812
813
814
815
818
820
821
823
824
825
827
828
829
831
834
837
839
840
841
842
845
846
847
849
850
851
852
853
854
856
857
858
881
882
883
884
888
889
890
892
893
895
901
902
903
1104
2211
2217
2339
2341
2342
2343
2344
2345
2346
2347
2349
2352
2353
2356
2359
2360
2361
2362
2364
2366
2374
2376
2382
2384
2385
2389
2391
2401
2471
2850
3979
3980
3982
3983
3984
3986
3987
3989
3990
3992
3993
3994
3995
3996
3997
3998
3999
4000
4001
4002
4003
4007
4009
4010
4011
4013
4016
4021
4921
4922
4926
4930
4931
4932
4933
4934
4935
4936
4937
4940
4942
4943
4944
4945
4946
4947
4948
4949
4950
4951
4952
4963
4965
4966
4970
4971
4976
4978
4979
4980
5053
6201
6204
6205
6208
6213
6215
6216
6219
6220
6292
6293
6294
6295
6296
6297
6298
6300
6302
6304
6305
6307
6308
6309
6310
6311
6312
6313
6314
6315
6316
6318
6322
6343
6344
6345
6346
6347
6348
6349
6350
6351
6352
6354
6355
6360
6383
6385
6386
6387
6389
6390
6391
6399
6400
6419
6420
6421
6452
7369
7370
8715
8857
8859
8860
8861
8862
8863
8864
8873
10085
10889
11010
11026
11129
11130
11355
11443
11663
11916
11917
11918
12364
13601
13603
13606
13777
13778
14342
14345
14346
14349
14350
14351
14352
14354
14355
14356
14374
14634
15949
15950
16150
16151
16155
16156
16157
16158
16159
16160
16161
16162
16163
16164
16166
16241
16242
16243
16244
16245
16246
16247
16249
16250
16251
16252
16253
16254
16257
16258
16259
16260
16261
16263
16264
16266
16267
16268
16269
16270
16271
16272
16273
16274
16275
16276
16681
16682
16746
17186
17306
17307
17308
17451
17521
17674
17827
18151
18893
19011
19055
19056
19596
19597
19598
19599
19600
19601
19606
19721
19895
19896
19994
20002
20003
20004
20006
20007
20008
20009
20808
21250
21456
22497
22498
22499
22500
22501
22502
22503
22504
22643
22644
22988
23107
23120
24109
24110
24341
24929
25083
25088
25107
25153
25154
25155
25156
25159
25160
25161
25164
25264
25266
25402
25403
25458
25466
25468
25704
25706
25707
25708
26092
26208
26209
26210
26211
26212
26228
26229
26231
26232
26236
26238
26239
26241
26242
26244
26245
26246
26251
26252
26277
26678
26679
26680
26681
26682
26684
26685
26687
26688
26690
26691
26692
26693
26694
26695
26696
26697
26699
26700
26702
26703
26706
26707
26709
26710
26711
26712
26713
26714
26715
26716
26717
26718
26719
26720
26996
27060
27080
27236
28258
28292
28293
28296
28304
28305
28306
28307
28503
28727
28728
28729
28740
28753
30437
30439
30440
30447
30994
30995
30996
30997
30998
30999
31121
31122
31123
31124
31125
31126
31127
31128
31257
31258
31259
31260
31261
31262
31263
31264
31265
31266
31267
32204
32208
32209
33248
34025
34026
34027
34045
34046
34047
34048
34049
34050
34051
34052
34053
34054
34055
34056
34057
34058
34059
34060
34061
34259
34260
34261
34513
34514
34515
34516
34517
34718
34719
34720
34890
34891
34893
34895
34896
34898
34899
36465
37479
37482
37483
37484
37485
37500
37859
37862
38369
38370
38371
39090
39091
39092
39100
39101
39102
39103
39104
39105
39106
39107
39108
39109
39110
39111
39112
39113
39114
39115
39116
39117
39118
39119
39120
39121
39122
39123
39124
39125
39126
39127
39128
39129
39130
39131
39132
39133
39134
39135
39136
39137
39138
39139
39140
39141
39142
39143
39144
39145
39146
39147
39148